[Variables]
ercf_calib_0 = 1.0
ercf_calib_1 = 0.980980213741
ercf_calib_10 = 1.0
ercf_calib_11 = 1.0
ercf_calib_2 = 0.970363544761
ercf_calib_3 = 0.988551174597
ercf_calib_4 = 0.985292214681
ercf_calib_5 = 0.992930138826
ercf_calib_6 = 1.0
ercf_calib_7 = 1.0
ercf_calib_8 = 1.0
ercf_calib_9 = 1.0
ercf_calib_ref = 808.7
ercf_calib_version = 2

